1   323  662    10.73  14.5     17.49 2.13
2   392  613    12.93  14.88   14.53 2.21
3   450  582    14.41  14.88   13.69 2.19
4   552  516    17.95  14.5     10.69 2.16
5   568  581    14.30  13.66    13.75 3.43
6   608  548     16.94  13.74   11.37 3.38
7   642  464     19.66  13.71   8.67 3.30
8   668  570  16.12 12.76  12.15 4.39
9   701  540  17.66 12.68  10.59 4.31
10 750  537   18.76 11.81 9.63 4.97 
11 741  579   16.62 11.91 12.01 5.02
12 789  566  16.79  11.00 11.31 5.84
13 821  596  14.94  10.88  13.25 6.08
14 879  572  16.21 9.85  12.70 6.88
15 872  610  13.78 10.77 14.04 6.29
16 932 577  15.14 9.50  12.96 7.35
17 928 616  13.20 9.87  14.82 7.80
18 1021 577  14.56 8.84  13.69 8.20
19 1067 614  12.99 8.52 15.08 8.47
20 1124 603  14.21 7.70 13.86 9.55
21 1186 571  15.89 6.43  12.73 10.69
22 1191 608  13.43 6.61 14.99 10.27
23 1248 592  14.21 6.35  14.07 10.91
24 1330 600  14.07 5.58  14.07 11.50
25 1401 616  14.76 5.13  13.25 11.81
26 1468 620  14.38 4.20  13.72 13.11
27 1526 617  13.75 3.30  14.36 13.77
28 1416 658  12.12 5.39  16.62 11.35
29 1475 672  10.85 5.29  17.49 11.75
30 1547 682  12.12 4.68  16.36 12.63
31 1601 649  13.05 4.04  16.01 12.84
32 1570 574  15.14 2.19  12.93 14.77
33 1452 542  16.36 4.10  11.95 13.00
34 1324 516  17.46 5.55  10.70 11.44
35 1216 505  18.33 6.72 9.83 10.32
36 1193 655  10.09 7.81 18.24 9.61
37 1076 667  9.69 9.10 18.50 7.88
38 943 663  9.95  10.30 18.42 6.72
39 785 641  10.50 11.22 17.66 5.66
40 669 620  11.31 12.34 16.82 4.68
41 492 708  9.28 12.44  19.31 5.02
42 705 763  8.47 10.93  19.92 6.14
43 783 481  22.19 11.89  5.86 5.29
44 1389 492  20.24 2.32  7.71 14.54
45 1519 735  14.41 5.16  18.21 11.81
46 1712 742  14.50 4.20  18.27 10.79
47 1612 733  14.45 3.20  18.24 9.81
48 1716 680  11.46 3.33  16.88 13.82
-1